[gd_scene load_steps=31 format=3 uid="uid://nnnrly5tpmym"]

[ext_resource type="Script" uid="uid://djdneaenloyew" path="res://world/world.gd" id="1_6xmxd"]
[ext_resource type="Script" uid="uid://bpyt1pr2letnh" path="res://world/game_ui.gd" id="2_mmdvd"]
[ext_resource type="PackedScene" uid="uid://cwda0i8nqukni" path="res://player/player.tscn" id="2_tcf2h"]
[ext_resource type="PackedScene" uid="uid://q12kad4woxxt" path="res://citizen/citizen.tscn" id="3_4717r"]
[ext_resource type="LabelSettings" uid="uid://cwd7v7t7ih3nq" path="res://ui/label_big.tres" id="3_fn3g3"]
[ext_resource type="PackedScene" uid="uid://bgvcypy3uris4" path="res://graphics/3d/lamp/lamp.tscn" id="4_h5o24"]
[ext_resource type="PackedScene" uid="uid://c1geet6mko133" path="res://citizen/speech_bubble_3.tscn" id="6_sc4t8"]
[ext_resource type="PackedScene" path="res://graphics/3d/tapola_kiosk/tapola_kiosk.tscn" id="8_ai45w"]
[ext_resource type="PackedScene" uid="uid://c4rb3lcjvgfw1" path="res://graphics/3d/newspaper/newspaper.blend" id="8_ysn08"]
[ext_resource type="Texture2D" uid="uid://ddihs0sjogbew" path="res://graphics/textures/121_street paving cobblestone texture-seamless.jpg" id="9_4papg"]
[ext_resource type="PackedScene" path="res://graphics/3d/dictator_statue/dictator_statue.tscn" id="11_mad0u"]
[ext_resource type="PackedScene" path="res://graphics/3d/grasspool/grasspool_2.tscn" id="12_ocfjn"]
[ext_resource type="PackedScene" path="res://graphics/3d/house1/house_1.tscn" id="13_dqqhb"]
[ext_resource type="PackedScene" uid="uid://6fysjhehmsf4" path="res://graphics/3d/house2/house2.blend" id="14_h8lre"]
[ext_resource type="PackedScene" uid="uid://b6boowli3w4bn" path="res://graphics/3d/house3/house3.blend" id="15_ysn08"]
[ext_resource type="PackedScene" path="res://graphics/3d/round_kiosk/round_kiosk_2.tscn" id="16_h8lre"]
[ext_resource type="PackedScene" uid="uid://576f0suqm7r2" path="res://graphics/3d/house4/house4.blend" id="16_m0cxt"]
[ext_resource type="PackedScene" uid="uid://cxjl7qjkfabff" path="res://graphics/3d/tent/tent.tscn" id="18_m0cxt"]
[ext_resource type="PackedScene" uid="uid://bp4uydxehljek" path="res://graphics/3d/tent/tent_bread.tscn" id="19_p2iis"]
[ext_resource type="PackedScene" uid="uid://v02cxgfb0cib" path="res://graphics/3d/tent_closed_sides/tent_closed_sides.tscn" id="20_aysyn"]

[sub_resource type="Animation" id="Animation_4papg"]
length = 0.001
tracks/0/type = "value"
tracks/0/imported = false
tracks/0/enabled = true
tracks/0/path = NodePath("ColorRect:color")
tracks/0/interp = 1
tracks/0/loop_wrap = true
tracks/0/keys = {
"times": PackedFloat32Array(0),
"transitions": PackedFloat32Array(1),
"update": 0,
"values": [Color(0, 0, 0, 0)]
}

[sub_resource type="Animation" id="Animation_sc4t8"]
resource_name = "fade_in"
length = 1.6
step = 0.1
tracks/0/type = "value"
tracks/0/imported = false
tracks/0/enabled = true
tracks/0/path = NodePath("ColorRect:color")
tracks/0/interp = 1
tracks/0/loop_wrap = true
tracks/0/keys = {
"times": PackedFloat32Array(0, 1.5),
"transitions": PackedFloat32Array(1, 1),
"update": 0,
"values": [Color(0, 0, 0, 0), Color(0, 0, 0, 1)]
}
tracks/1/type = "method"
tracks/1/imported = false
tracks/1/enabled = true
tracks/1/path = NodePath("..")
tracks/1/interp = 1
tracks/1/loop_wrap = true
tracks/1/keys = {
"times": PackedFloat32Array(1.6),
"transitions": PackedFloat32Array(1),
"values": [{
"args": [],
"method": &"prepare_next_day"
}]
}

[sub_resource type="Animation" id="Animation_ai45w"]
resource_name = "fade_out"
length = 1.5
step = 0.1
tracks/0/type = "value"
tracks/0/imported = false
tracks/0/enabled = true
tracks/0/path = NodePath("ColorRect:color")
tracks/0/interp = 1
tracks/0/loop_wrap = true
tracks/0/keys = {
"times": PackedFloat32Array(0, 1.5),
"transitions": PackedFloat32Array(1, 1),
"update": 0,
"values": [Color(0, 0, 0, 1), Color(0, 0, 0, 0)]
}
tracks/1/type = "method"
tracks/1/imported = false
tracks/1/enabled = true
tracks/1/path = NodePath("..")
tracks/1/interp = 1
tracks/1/loop_wrap = true
tracks/1/keys = {
"times": PackedFloat32Array(1.5),
"transitions": PackedFloat32Array(1),
"values": [{
"args": [],
"method": &"start_day"
}]
}

[sub_resource type="AnimationLibrary" id="AnimationLibrary_fyhu2"]
_data = {
&"RESET": SubResource("Animation_4papg"),
&"fade_in": SubResource("Animation_sc4t8"),
&"fade_out": SubResource("Animation_ai45w")
}

[sub_resource type="ProceduralSkyMaterial" id="ProceduralSkyMaterial_tcf2h"]
sky_top_color = Color(0.0646474, 0.0864207, 0.116699, 1)
sky_horizon_color = Color(0.480649, 0.49063, 0.506388, 1)

[sub_resource type="Sky" id="Sky_4717r"]
sky_material = SubResource("ProceduralSkyMaterial_tcf2h")

[sub_resource type="Environment" id="Environment_6xmxd"]
background_mode = 2
sky = SubResource("Sky_4717r")

[sub_resource type="BoxShape3D" id="BoxShape3D_tcf2h"]
size = Vector3(500, 1, 500)

[sub_resource type="StandardMaterial3D" id="StandardMaterial3D_fyhu2"]
albedo_texture = ExtResource("9_4papg")
uv1_scale = Vector3(300, 300, 300)

[sub_resource type="BoxMesh" id="BoxMesh_ov2xu"]
material = SubResource("StandardMaterial3D_fyhu2")
size = Vector3(500, 1, 500)

[node name="World" type="Node3D"]
script = ExtResource("1_6xmxd")

[node name="GameUI" type="CanvasLayer" parent="."]
follow_viewport_enabled = true
script = ExtResource("2_mmdvd")

[node name="LabelDayCounter" type="Label" parent="GameUI"]
anchors_preset = 8
anchor_left = 0.5
anchor_top = 0.5
anchor_right = 0.5
anchor_bottom = 0.5
offset_left = -134.0
offset_top = -68.5
offset_right = 134.0
offset_bottom = 68.5
grow_horizontal = 2
grow_vertical = 2
theme_override_font_sizes/font_size = 100
text = "Day 1"
label_settings = ExtResource("3_fn3g3")
horizontal_alignment = 1

[node name="LabelGameLose" type="Label" parent="GameUI"]
anchors_preset = 8
anchor_left = 0.5
anchor_top = 0.5
anchor_right = 0.5
anchor_bottom = 0.5
offset_left = -207.5
offset_top = -68.5
offset_right = 207.5
offset_bottom = 68.5
grow_horizontal = 2
grow_vertical = 2
text = "You lost!"
label_settings = ExtResource("3_fn3g3")
horizontal_alignment = 1

[node name="LabelGameWin" type="Label" parent="GameUI"]
anchors_preset = 8
anchor_left = 0.5
anchor_top = 0.5
anchor_right = 0.5
anchor_bottom = 0.5
offset_left = -667.0
offset_top = -138.5
offset_right = 667.0
offset_bottom = 138.5
grow_horizontal = 2
grow_vertical = 2
text = "You managed to fulfill your 
job succesfully! You win!"
label_settings = ExtResource("3_fn3g3")
horizontal_alignment = 1

[node name="BoxContainer" type="BoxContainer" parent="GameUI"]
anchors_preset = 1
anchor_left = 1.0
anchor_right = 1.0
offset_left = -65.0
offset_top = 18.0
offset_right = -25.0
offset_bottom = 67.0
grow_horizontal = 0
size_flags_horizontal = 8

[node name="LabelTime" type="Label" parent="GameUI/BoxContainer"]
layout_mode = 2
theme_override_font_sizes/font_size = 35
text = "Time"
horizontal_alignment = 1

[node name="AnimationPlayer" type="AnimationPlayer" parent="GameUI"]
libraries = {
&"": SubResource("AnimationLibrary_fyhu2")
}

[node name="ColorRect" type="ColorRect" parent="GameUI"]
anchors_preset = 15
anchor_right = 1.0
anchor_bottom = 1.0
grow_horizontal = 2
grow_vertical = 2
mouse_filter = 2
color = Color(0, 0, 0, 0)

[node name="TimerDay" type="Timer" parent="."]

[node name="WorldEnvironment" type="WorldEnvironment" parent="."]
environment = SubResource("Environment_6xmxd")

[node name="DirectionalLight3D" type="DirectionalLight3D" parent="."]
transform = Transform3D(0.0555601, -0.998455, 5.08498e-08, 0.283827, 0.0157939, 0.958746, -0.957265, -0.053268, 0.284266, 0.0129623, -0.0267296, 0.0289888)
light_color = Color(0.625597, 0.625597, 0.625597, 1)
light_energy = 1.11
shadow_enabled = true

[node name="Player" parent="." instance=ExtResource("2_tcf2h")]
transform = Transform3D(1, 0, 0, 0, 1, 0, 0, 0, 1, 0, 1.90225, 0)
collision_layer = 2

[node name="PlayerSpawn" type="Marker3D" parent="."]
transform = Transform3D(1, 0, 0, 0, 1, 0, 0, 0, 1, 0, 1.3293, 3.44479)

[node name="Floor" type="StaticBody3D" parent="."]

[node name="CollisionShape3D" type="CollisionShape3D" parent="Floor"]
transform = Transform3D(1, 0, 0, 0, 1, 0, 0, 0, 1, -0.00156212, 0.0536704, -0.00831032)
shape = SubResource("BoxShape3D_tcf2h")

[node name="MeshInstance3D" type="MeshInstance3D" parent="Floor"]
mesh = SubResource("BoxMesh_ov2xu")
skeleton = NodePath("../..")

[node name="Citizens" type="Node3D" parent="."]

[node name="Citizen" parent="Citizens" instance=ExtResource("3_4717r")]
transform = Transform3D(1, 0, 0, 0, 1, 0, 0, 0, 1, 2.6543, 1.19718, -6.52416)

[node name="SpeechBubble3" parent="Citizens/Citizen" instance=ExtResource("6_sc4t8")]

[node name="Citizen2" parent="Citizens" instance=ExtResource("3_4717r")]
transform = Transform3D(0.778966, 0, 0.627066, 0, 1, 0, -0.627066, 0, 0.778966, -1.75781, 1.19718, -6.52416)

[node name="Citizen3" parent="Citizens" instance=ExtResource("3_4717r")]
transform = Transform3D(0.0199827, 0, 0.9998, 0, 1, 0, -0.9998, 0, 0.0199827, -1.75781, 1.19718, -3.88617)

[node name="Lamps" type="Node3D" parent="."]

[node name="Lamp" parent="Lamps" instance=ExtResource("4_h5o24")]
transform = Transform3D(1, 0, 0, 0, 1, 0, 0, 0, 1, 2.366, 0.2, -3.581)

[node name="Lamp2" parent="Lamps" instance=ExtResource("4_h5o24")]
transform = Transform3D(1, 0, 0, 0, 1, 0, 0, 0, 1, -27.4244, 0.2, -7.26543)

[node name="Lamp3" parent="Lamps" instance=ExtResource("4_h5o24")]
transform = Transform3D(1, 0, 0, 0, 1, 0, 0, 0, 1, -27.4244, 0.2, 10.6647)

[node name="Lamp4" parent="Lamps" instance=ExtResource("4_h5o24")]
transform = Transform3D(1, 0, 0, 0, 1, 0, 0, 0, 1, -27.4244, 0.2, 31.6361)

[node name="Lamp5" parent="Lamps" instance=ExtResource("4_h5o24")]
transform = Transform3D(1, 0, 0, 0, 1, 0, 0, 0, 1, -27.4244, 0.2, 51.0952)

[node name="Lamp6" parent="Lamps" instance=ExtResource("4_h5o24")]
transform = Transform3D(1, 0, 0, 0, 1, 0, 0, 0, 1, -27.4244, 0.2, 72.3618)

[node name="Lamp7" parent="Lamps" instance=ExtResource("4_h5o24")]
transform = Transform3D(1, 0, 0, 0, 1, 0, 0, 0, 1, -27.4244, 0.2, 93.0585)

[node name="Lamp8" parent="Lamps" instance=ExtResource("4_h5o24")]
transform = Transform3D(1, 0, 0, 0, 1, 0, 0, 0, 1, -5.39691, 0.2, 93.0585)

[node name="Lamp9" parent="Lamps" instance=ExtResource("4_h5o24")]
transform = Transform3D(1, 0, 0, 0, 1, 0, 0, 0, 1, 13.1246, 0.2, 93.0585)

[node name="Lamp10" parent="Lamps" instance=ExtResource("4_h5o24")]
transform = Transform3D(1, 0, 0, 0, 1, 0, 0, 0, 1, 27.1057, 0.2, 93.0585)

[node name="Lamp11" parent="Lamps" instance=ExtResource("4_h5o24")]
transform = Transform3D(1, 0, 0, 0, 1, 0, 0, 0, 1, 43.8365, 0.2, 93.0585)

[node name="Lamp12" parent="Lamps" instance=ExtResource("4_h5o24")]
transform = Transform3D(1, 0, 0, 0, 1, 0, 0, 0, 1, 61.2484, 0.2, 93.0585)

[node name="Lamp13" parent="Lamps" instance=ExtResource("4_h5o24")]
transform = Transform3D(1, 0, 0, 0, 1, 0, 0, 0, 1, 77.5794, 0.2, 93.0585)

[node name="Lamp14" parent="Lamps" instance=ExtResource("4_h5o24")]
transform = Transform3D(1, 0, 0, 0, 1, 0, 0, 0, 1, 92.7807, 0.2, 93.0585)

[node name="Lamp15" parent="Lamps" instance=ExtResource("4_h5o24")]
transform = Transform3D(1, 0, 0, 0, 1, 0, 0, 0, 1, 110.438, 0.2, 93.0585)

[node name="Lamp16" parent="Lamps" instance=ExtResource("4_h5o24")]
transform = Transform3D(0.528794, 0, 0.84875, 0, 1, 0, -0.84875, 0, 0.528794, 128.082, 0.799412, -43.6657)

[node name="dictator_statue" parent="." instance=ExtResource("11_mad0u")]
transform = Transform3D(1, 0, 0, 0, 1, 0, 0, 0, 1, 4.53919, 0.979289, -20.6523)

[node name="houses" type="Node3D" parent="."]
transform = Transform3D(0.360664, 0, 0.932696, 0, 1, 0, -0.932696, 0, 0.360664, -20.7309, 0.599412, 11.07)

[node name="house1" parent="houses" instance=ExtResource("13_dqqhb")]
transform = Transform3D(0.360664, 0, -0.932696, 0, 1, 0, 0.932696, 0, 0.360664, 22.9053, -0.0333331, -27.245)

[node name="house2" parent="houses" instance=ExtResource("14_h8lre")]
transform = Transform3D(0.360664, 0, -0.932696, 0, 1, 0, 0.932696, 0, 0.360664, 3.54024, -0.0333331, -19.8987)

[node name="house3" parent="houses" instance=ExtResource("15_ysn08")]
transform = Transform3D(0.360664, 0, -0.932696, 0, 1, 0, 0.932696, 0, 0.360664, -15.7091, 0.0519293, -12.524)

[node name="house4" parent="houses" instance=ExtResource("16_m0cxt")]
transform = Transform3D(0.360664, 0, -0.932696, 0, 1, 0, 0.932696, 0, 0.360664, 42.1876, 0.0519293, -34.6912)

[node name="house5" parent="houses" instance=ExtResource("13_dqqhb")]
transform = Transform3D(0.360664, 0, -0.932696, 0, 1, 0, 0.932696, 0, 0.360664, -54.3713, -0.0333331, 2.21713)

[node name="house6" parent="houses" instance=ExtResource("14_h8lre")]
transform = Transform3D(0.360664, 0, -0.932696, 0, 1, 0, 0.932696, 0, 0.360664, -73.7363, -0.0333331, 9.56348)

[node name="house7" parent="houses" instance=ExtResource("15_ysn08")]
transform = Transform3D(0.360664, 0, -0.932696, 0, 1, 0, 0.932696, 0, 0.360664, -92.9857, 0.0519293, 16.9381)

[node name="house8" parent="houses" instance=ExtResource("16_m0cxt")]
transform = Transform3D(0.360664, 0, -0.932696, 0, 1, 0, 0.932696, 0, 0.360664, -35.089, 0.0519293, -5.22905)

[node name="house9" parent="houses" instance=ExtResource("14_h8lre")]
transform = Transform3D(0.932696, 0, 0.360664, 0, 1, 0, -0.360664, 0, 0.932696, -98.7301, -0.0333331, 30.8441)

[node name="house10" parent="houses" instance=ExtResource("15_ysn08")]
transform = Transform3D(0.932696, 0, 0.360664, 0, 1, 0, -0.360664, 0, 0.932696, -91.2642, 0.0519293, 50.0119)

[node name="house11" parent="houses" instance=ExtResource("13_dqqhb")]
transform = Transform3D(0.932696, 0, 0.360664, 0, 1, 0, -0.360664, 0, 0.932696, -83.9809, -0.0333331, 69.386)

[node name="house12" parent="houses" instance=ExtResource("15_ysn08")]
transform = Transform3D(0.932696, 0, 0.360664, 0, 1, 0, -0.360664, 0, 0.932696, -76.548, 0.0519293, 88.5694)

[node name="house13" parent="houses" instance=ExtResource("16_m0cxt")]
transform = Transform3D(0.932696, 0, 0.360664, 0, 1, 0, -0.360664, 0, 0.932696, -69.2531, 0.0519293, 107.949)

[node name="house14" parent="houses" instance=ExtResource("14_h8lre")]
transform = Transform3D(0.932696, 0, 0.360664, 0, 1, 0, -0.360664, 0, 0.932696, -61.4486, -0.0333331, 127.256)

[node name="house15" parent="houses" instance=ExtResource("15_ysn08")]
transform = Transform3D(0.932696, 0, 0.360664, 0, 1, 0, -0.360664, 0, 0.932696, -53.9828, 0.0519293, 146.424)

[node name="house16" parent="houses" instance=ExtResource("13_dqqhb")]
transform = Transform3D(0.932696, 0, 0.360664, 0, 1, 0, -0.360664, 0, 0.932696, -46.6994, -0.0333331, 165.798)

[node name="house17" parent="houses" instance=ExtResource("15_ysn08")]
transform = Transform3D(0.932696, 0, 0.360664, 0, 1, 0, -0.360664, 0, 0.932696, -39.2666, 0.0519293, 184.981)

[node name="house18" parent="houses" instance=ExtResource("16_m0cxt")]
transform = Transform3D(0.932696, 0, 0.360664, 0, 1, 0, -0.360664, 0, 0.932696, -31.9716, 0.0519293, 204.361)

[node name="newspaper" parent="." instance=ExtResource("8_ysn08")]
transform = Transform3D(0.528794, 0, 0.84875, 0, 1, 0, -0.84875, 0, 0.528794, 0.0365433, 0.599412, -14.1269)

[node name="newspaper2" parent="newspaper" instance=ExtResource("8_ysn08")]
transform = Transform3D(0.845318, 0, -0.534263, 0, 1, 0, 0.534263, 0, 0.845318, -20.832, 0, 1.26311)

[node name="newspaper3" parent="newspaper" instance=ExtResource("8_ysn08")]
transform = Transform3D(0.961406, 0, -0.275134, 0, 1, 0, 0.275134, 0, 0.961406, -50.9056, 0, 10.3014)

[node name="newspaper4" parent="newspaper" instance=ExtResource("8_ysn08")]
transform = Transform3D(0.107427, 0, -0.994213, 0, 1, 0, 0.994213, 0, 0.107427, -10.6752, 0, -17.8171)

[node name="newspaper5" parent="newspaper" instance=ExtResource("8_ysn08")]
transform = Transform3D(0.982343, 0, 0.187091, 0, 1, 0, -0.187091, 0, 0.982343, -32.3676, 0, -4.3024)

[node name="newspaper6" parent="newspaper" instance=ExtResource("8_ysn08")]
transform = Transform3D(0.702402, 0, -0.711781, 0, 1, 0, 0.711781, 0, 0.702402, -14.6781, 0, 15.3202)

[node name="GrassPools" type="Node3D" parent="."]

[node name="grasspool6" parent="GrassPools" instance=ExtResource("12_ocfjn")]
transform = Transform3D(-4.37114e-08, 0, 1, 0, 1, 0, -1, 0, -4.37114e-08, -12.2054, 0.654912, 100.073)

[node name="grasspool7" parent="GrassPools" instance=ExtResource("12_ocfjn")]
transform = Transform3D(-4.37114e-08, 0, 1, 0, 1, 0, -1, 0, -4.37114e-08, 4.42838, 0.654912, 100.073)

[node name="grasspool8" parent="GrassPools" instance=ExtResource("12_ocfjn")]
transform = Transform3D(-4.37114e-08, 0, 1, 0, 1, 0, -1, 0, -4.37114e-08, 20.4476, 0.654912, 100.073)

[node name="grasspool9" parent="GrassPools" instance=ExtResource("12_ocfjn")]
transform = Transform3D(-4.37114e-08, 0, 1, 0, 1, 0, -1, 0, -4.37114e-08, 35.0021, 0.654912, 100.073)

[node name="grasspool10" parent="GrassPools" instance=ExtResource("12_ocfjn")]
transform = Transform3D(-4.37114e-08, 0, 1, 0, 1, 0, -1, 0, -4.37114e-08, 52.8135, 0.654912, 100.073)

[node name="grasspool11" parent="GrassPools" instance=ExtResource("12_ocfjn")]
transform = Transform3D(-4.37114e-08, 0, 1, 0, 1, 0, -1, 0, -4.37114e-08, 69.4473, 0.654912, 100.073)

[node name="grasspool12" parent="GrassPools" instance=ExtResource("12_ocfjn")]
transform = Transform3D(-4.37114e-08, 0, 1, 0, 1, 0, -1, 0, -4.37114e-08, 85.4666, 0.654912, 100.073)

[node name="grasspool13" parent="GrassPools" instance=ExtResource("12_ocfjn")]
transform = Transform3D(-4.37114e-08, 0, 1, 0, 1, 0, -1, 0, -4.37114e-08, 100.021, 0.654912, 100.073)

[node name="grasspool2" parent="GrassPools" instance=ExtResource("12_ocfjn")]
transform = Transform3D(-4.37114e-08, 0, 1, 0, 1, 0, -1, 0, -4.37114e-08, -12.2054, 0.654912, -26.7687)

[node name="grasspool3" parent="GrassPools" instance=ExtResource("12_ocfjn")]
transform = Transform3D(-4.37114e-08, 0, 1, 0, 1, 0, -1, 0, -4.37114e-08, 4.42838, 0.654912, -26.7687)

[node name="grasspool4" parent="GrassPools" instance=ExtResource("12_ocfjn")]
transform = Transform3D(-4.37114e-08, 0, 1, 0, 1, 0, -1, 0, -4.37114e-08, 20.4476, 0.654912, -26.7687)

[node name="grasspool5" parent="GrassPools" instance=ExtResource("12_ocfjn")]
transform = Transform3D(-4.37114e-08, 0, 1, 0, 1, 0, -1, 0, -4.37114e-08, 35.0021, 0.654912, -26.7687)

[node name="Kiosks" type="Node3D" parent="."]

[node name="round_kiosk2" parent="Kiosks" instance=ExtResource("16_h8lre")]
transform = Transform3D(1.5, 0, 0, 0, 1.5, 0, 0, 0, 1.5, 16.1103, 0.593034, 5.22931)

[node name="tapola_kiosk" parent="Kiosks" instance=ExtResource("8_ai45w")]
transform = Transform3D(1.2, 0, 0, 0, 1.2, 0, 0, 0, 1.2, -25.6541, 1.74279, 2.57489)

[node name="Tents" type="Node3D" parent="."]

[node name="tent" parent="Tents" instance=ExtResource("18_m0cxt")]
transform = Transform3D(-4.37114e-08, 0, 1, 0, 1, 0, -1, 0, -4.37114e-08, -15.3123, 0.556588, -17.0431)

[node name="tent2" parent="Tents" instance=ExtResource("19_p2iis")]
transform = Transform3D(-4.37114e-08, 0, 1, 0, 1, 0, -1, 0, -4.37114e-08, -8.57947, 0.64373, -17.2033)

[node name="tent_closed_sides" parent="Tents" instance=ExtResource("20_aysyn")]
transform = Transform3D(-4.37114e-08, 0, 1, 0, 1, 0, -1, 0, -4.37114e-08, -2.41775, 0.557561, -17.4914)

[node name="tent3" parent="Tents" instance=ExtResource("18_m0cxt")]
transform = Transform3D(-4.37114e-08, 0, 1, 0, 1, 0, -1, 0, -4.37114e-08, 11.6877, 0.556588, -17.0431)

[node name="tent4" parent="Tents" instance=ExtResource("19_p2iis")]
transform = Transform3D(-4.37114e-08, 0, 1, 0, 1, 0, -1, 0, -4.37114e-08, 18.4205, 0.64373, -17.2033)

[node name="tent_closed_sides2" parent="Tents" instance=ExtResource("20_aysyn")]
transform = Transform3D(-4.37114e-08, 0, 1, 0, 1, 0, -1, 0, -4.37114e-08, 24.5822, 0.557561, -17.4914)

[connection signal="timer_start" from="GameUI" to="." method="_on_game_ui_timer_start"]
[connection signal="timeout" from="TimerDay" to="." method="_on_timer_day_timeout"]
